0 1 4
0 2 4
0 3 19
0 4 15
0 5 15
0 6 15
0 7 15
0 13 15
0 14 15
0 15 19
0 16 4
0 17 4
0 21 17
0 22 17
0 23 22
0 24 22
0 25 22
0 26 21
0 27 21
0 28 15
0 29 16
0 30 1
0 31 1
0 32 1
0 33 2
0 34 4
1 0 9
1 1 9
1 2 5
1 3 23
1 4 4
1 5 4
1 6 6
1 7 21
1 8 6
1 9 6
1 10 7
1 11 7
1 12 7
1 13 22
1 14 7
1 15 26
1 16 8
1 17 9
1 18 4
1 19 5
1 20 5
1 21 21
1 22 5
1 23 9
1 24 4
1 25 5
1 26 4
1 27 10
1 28 5
1 29 21
1 30 5
1 31 6
1 32 5
1 33 3
1 34 5
2 0 7
2 1 7
2 2 4
2 3 22
2 4 7
2 5 7
2 6 9
2 7 22
2 8 22
2 9 22
2 10 19
2 11 18
2 12 18
2 13 23
2 14 8
2 15 24
2 16 24
2 17 24
2 18 4
2 19 9
2 20 8
2 21 25
2 22 24
2 23 25
2 24 23
2 25 24
2 26 3
2 27 27
2 28 22
2 29 20
2 30 1
2 31 2
2 32 5
2 33 3
2 34 4
3 0 8
3 1 10
3 2 7
3 3 20
3 4 7
3 5 8
3 6 8
3 7 5
3 8 5
3 9 10
3 10 9
3 11 9
3 12 9
3 13 13
3 14 10
3 15 9
3 16 10
3 17 25
3 18 6
3 19 11
3 20 11
3 21 13
3 22 15
3 23 11
3 24 10
3 25 28
3 26 7
3 27 31
3 28 5
3 29 6
3 30 1
3 31 1
3 32 4
3 33 6
3 34 4
4 0 6
4 1 10
4 2 8
4 3 21
4 4 8
4 5 9
4 6 6
4 7 12
4 8 12
4 9 12
4 10 10
4 11 8
4 12 10
4 13 13
4 14 9
4 15 6
4 16 7
4 17 32
4 18 27
4 19 33
4 20 15
4 21 13
4 22 18
4 23 26
4 24 26
4 25 26
4 26 4
4 27 29
4 28 8
4 29 11
4 30 5
4 31 10
4 32 6
4 33 7
4 34 1
5 0 6
5 1 10
5 2 5
5 3 18
5 4 6
5 5 13
5 6 7
5 7 13
5 8 8
5 9 6
5 10 8
5 11 6
5 12 8
5 13 17
5 14 15
5 15 12
5 16 13
5 17 23
5 18 13
5 19 31
5 20 17
5 21 15
5 22 17
5 23 24
5 24 11
5 25 13
5 26 6
5 27 28
5 28 9
5 29 10
5 30 4
5 31 11
5 32 1
5 33 6
5 34 1
6 0 6
6 1 25
6 2 23
6 3 21
6 4 4
6 5 12
6 6 5
6 7 12
6 8 14
6 9 11
6 10 5
6 11 10
6 12 14
6 13 32
6 14 27
6 15 27
6 16 19
6 17 40
6 18 26
6 19 21
6 20 8
6 21 5
6 22 18
6 23 21
6 24 6
6 25 14
6 26 5
6 27 26
6 28 8
6 29 8
6 30 6
6 31 10
6 32 4
6 33 9
6 34 1
7 0 6
7 1 22
7 2 5
7 3 6
7 4 4
7 5 13
7 6 6
7 7 7
7 8 6
7 9 17
7 10 10
7 11 11
7 12 9
7 13 23
7 14 22
7 15 32
7 16 24
7 17 38
7 18 10
7 19 9
7 20 12
7 21 9
7 22 17
7 23 19
7 24 5
7 25 21
7 26 12
7 27 27
7 28 6
7 29 5
7 30 3
7 31 5
7 32 2
7 33 10
7 34 2
8 0 6
8 1 26
8 2 13
8 3 11
8 4 8
8 5 18
8 6 14
8 7 13
8 8 9
8 9 20
8 10 12
8 11 11
8 12 27
8 13 37
8 14 27
8 15 17
8 16 12
8 17 30
8 18 23
8 19 22
8 20 29
8 21 29
8 22 35
8 23 23
8 24 6
8 25 25
8 26 10
8 27 23
8 28 4
8 29 7
8 30 4
8 31 9
8 32 7
8 33 10
8 34 2
9 0 7
9 1 23
9 2 5
9 3 3
9 4 4
9 5 34
9 6 27
9 7 29
9 8 26
9 9 32
9 10 24
9 11 33
9 12 41
9 13 24
9 14 16
9 15 16
9 16 15
9 17 19
9 18 11
9 19 11
9 20 14
9 21 9
9 22 17
9 23 8
9 24 6
9 25 28
9 26 5
9 27 20
9 28 2
9 29 5
9 30 2
9 31 6
9 32 4
9 33 9
9 34 2
10 0 7
10 1 21
10 2 18
10 3 21
10 4 6
10 5 126
10 6 65
10 7 67
10 8 64
10 9 57
10 10 47
10 11 47
10 12 36
10 13 28
10 14 22
10 15 25
10 16 24
10 17 23
10 18 18
10 19 26
10 20 26
10 21 27
10 22 34
10 23 39
10 24 39
10 25 112
10 26 37
10 27 39
10 28 24
10 29 24
10 30 10
10 31 9
10 32 4
10 33 9
10 34 3
11 0 7
11 1 8
11 2 5
11 3 21
11 4 3
11 5 32
11 6 8
11 7 12
11 8 16
11 9 16
11 10 12
11 11 13
11 12 9
11 13 17
11 14 9
11 15 12
11 16 15
11 17 15
11 18 11
11 19 21
11 20 15
11 21 27
11 22 17
11 23 17
11 24 10
11 25 19
11 26 7
11 27 10
11 28 7
11 29 17
11 30 18
11 31 17
11 32 7
11 33 9
11 34 6
12 0 4
12 1 20
12 2 19
12 3 20
12 4 2
12 5 32
12 6 25
12 7 25
12 8 11
12 9 12
12 10 10
12 11 16
12 12 13
12 13 14
12 14 8
12 15 15
12 16 14
12 17 13
12 18 8
12 19 11
12 20 5
12 21 17
12 22 10
12 23 14
12 24 10
12 25 16
12 26 5
12 27 6
12 28 5
12 29 3
12 30 5
12 31 17
12 32 8
12 33 6
12 34 6
13 0 5
13 1 21
13 2 7
13 3 8
13 4 7
13 5 20
13 6 8
13 7 22
13 8 9
13 9 7
13 10 10
13 11 12
13 12 8
13 13 7
13 14 7
13 15 10
13 16 6
13 17 11
13 18 11
13 19 18
13 20 13
13 21 18
13 22 11
13 23 9
13 24 14
13 25 21
13 26 4
13 27 4
13 28 6
13 29 4
13 30 4
13 31 18
13 32 5
13 33 3
13 34 5
14 0 5
14 1 22
14 2 8
14 3 22
14 4 21
14 5 32
14 6 19
14 7 19
14 8 7
14 9 3
14 10 8
14 11 14
14 12 13
14 13 12
14 14 16
14 15 15
14 16 7
14 17 13
14 18 7
14 19 14
14 20 18
14 21 21
14 22 10
14 23 9
14 24 6
14 25 17
14 26 11
14 27 7
14 28 9
14 29 8
14 30 8
14 31 19
14 32 15
14 33 10
14 34 9
15 0 6
15 1 25
15 2 8
15 3 24
15 4 8
15 5 19
15 6 12
15 7 10
15 8 16
15 9 7
15 10 14
15 11 20
15 12 15
15 13 11
15 14 12
15 15 10
15 16 8
15 17 18
15 18 11
15 19 7
15 20 10
15 21 16
15 22 6
15 23 8
15 24 6
15 25 11
15 26 12
15 27 15
15 28 5
15 29 3
15 30 4
15 31 6
15 32 7
15 33 8
15 34 12
16 0 2
16 1 19
16 3 18
16 4 2
16 5 11
16 6 7
16 7 3
16 8 11
16 9 5
16 10 6
16 11 9
16 12 11
16 13 10
16 14 11
16 15 21
16 16 19
16 17 17
16 18 11
16 19 11
16 20 13
16 21 16
16 22 12
16 23 11
16 24 11
16 25 15
16 26 10
16 27 17
16 28 7
16 29 8
16 30 3
16 31 8
16 32 5
16 33 12
16 34 12
17 0 2
17 1 21
17 2 2
17 3 20
17 4 3
17 5 9
17 6 3
17 7 4
17 8 6
17 9 5
17 10 6
17 11 3
17 12 3
17 13 5
17 14 3
17 15 14
17 16 6
17 17 4
17 18 6
17 19 6
17 20 11
17 21 17
17 22 5
17 23 3
17 24 5
17 25 7
17 26 1
17 27 13
17 28 8
17 29 15
17 30 13
17 31 10
17 32 9
17 33 8
17 34 3
18 1 19
18 2 4
18 3 19
18 4 1
18 5 9
18 6 3
18 7 3
18 9 4
18 10 7
18 11 5
18 12 7
18 13 11
18 14 6
18 15 10
18 16 5
18 17 10
18 18 10
18 19 10
18 20 11
18 21 18
18 22 14
18 23 13
18 24 15
18 25 15
18 26 13
18 27 18
18 28 9
18 29 11
18 30 13
18 31 16
18 32 10
18 33 11
18 34 3
19 0 2
19 1 17
19 2 2
19 3 18
19 4 3
19 5 11
19 6 2
19 7 2
19 8 2
19 9 4
19 10 3
19 11 1
19 12 3
19 13 9
19 14 3
19 15 3
19 16 3
19 17 10
19 18 4
19 19 9
19 20 7
19 21 1
19 22 2
19 23 2
19 24 4
19 25 2
19 26 5
19 27 8
19 28 5
19 29 6
19 30 6
19 31 12
19 32 4
19 33 11
19 34 2
20 0 2
20 1 15
20 2 15
20 3 16
20 4 1
20 5 9
20 6 6
20 7 10
20 8 12
20 9 10
20 10 8
20 11 6
20 12 7
20 13 15
20 14 16
20 15 16
20 16 10
20 17 16
20 18 8
20 19 13
20 20 7
20 21 3
20 22 3
20 23 5
20 24 7
20 25 5
20 26 2
20 27 9
20 28 9
20 29 9
20 30 5
20 31 16
20 32 14
20 33 14
20 34 7
21 0 2
21 2 2
21 3 3
21 4 3
21 5 6
21 6 3
21 7 4
21 8 3
21 9 3
21 10 3
21 12 3
21 13 6
21 14 3
21 15 6
21 16 3
21 17 9
21 18 3
21 19 8
21 20 2
21 21 2
21 22 4
21 23 7
21 24 4
21 25 3
21 27 6
21 28 1
21 29 7
21 30 2
21 31 7
21 32 3
21 33 4
22 0 2
22 2 2
22 3 1
22 4 1
22 5 4
22 6 6
22 7 4
22 8 2
22 9 1
22 10 1
22 12 2
22 13 3
22 14 6
22 15 9
22 16 6
22 17 9
22 18 3
22 19 9
22 20 9
22 21 9
22 22 4
22 23 3
22 24 2
22 25 9
22 26 9
22 27 9
22 28 4
22 29 9
22 30 4
22 31 10
22 32 5
22 33 5
22 34 1
23 0 2
23 1 2
23 2 2
23 5 1
23 6 3
23 7 3
23 8 3
23 9 3
23 10 3
23 11 3
23 12 3
23 13 1
23 14 3
23 15 8
23 16 3
23 17 7
23 18 1
23 19 1
23 20 1
23 21 7
23 22 1
23 24 2
23 25 7
23 26 1
23 27 1
23 28 1
23 29 6
23 31 6
23 32 1
23 33 1
23 34 1
24 5 1
24 6 1
24 7 1
24 8 1
24 9 1
24 15 6
24 16 6
24 17 6
24 21 6
24 22 6
24 23 6
24 24 7
24 25 7
24 26 1
24 27 1
24 28 1
24 29 7
24 30 7
24 31 7
24 32 2
24 33 2
